courier	x	y	on_time	off_time
c1	19772	927	0	240
c2	16769	9736	0	180
c3	24292	9900	0	180
c4	19612	22773	0	180
c5	17786	19454	0	180
c6	22461	10919	0	240
c7	19333	16031	0	240
c8	23069	13243	0	180
c9	25175	4439	0	240
c10	19639	8828	0	180
c11	24838	15821	0	180
c12	25287	13207	0	180
c13	26583	2159	0	240
c14	27040	12850	0	180
c15	24798	11007	0	180
c16	17622	21350	0	180
c17	17237	6989	0	240
c18	15336	17101	0	180
c19	23725	5650	0	240
c20	20444	22728	0	180
c21	20621	15332	0	180
c22	24967	11955	0	180
c23	16597	20764	0	180
c24	20451	20207	0	180
c25	17738	19458	30	240
c26	16026	17646	30	180
c27	24522	19408	30	60
c28	23683	13856	45	180
c29	18247	22189	60	240
c30	23429	17941	60	240
c31	23600	16972	60	300
c32	17461	18144	60	240
c33	20029	15518	60	240
c34	12969	32779	60	240
c35	15200	8200	60	240
c36	22372	23419	60	240
c37	25453	15234	60	240
c38	23781	13891	60	240
c39	18431	10660	60	240
c40	16902	8575	60	300
c41	25159	19700	60	240
c42	22916	17548	60	240
c43	8929	31489	60	240
c44	24301	14061	60	240
c45	23775	9028	60	240
c46	26127	15655	60	240
c47	25720	12349	60	240
c48	20999	8706	60	240
c49	25935	14880	60	240
c50	19471	15416	60	240
c51	22514	17897	60	240
c52	20582	13053	60	240
c53	25329	17204	60	240
c54	22520	12324	60	240
c55	24048	15211	60	240
c56	22910	17148	60	240
c57	25742	12688	60	240
c58	21676	21552	60	240
c59	4788	21159	60	240
c60	23263	11104	60	240
c61	18815	12725	60	240
c62	12197	28655	60	240
c63	20626	22263	60	240
c64	22751	22550	60	240
c65	17475	16367	60	240
c66	16776	15179	60	240
c67	19475	18612	60	240
c68	17368	12225	60	240
c69	16878	11786	60	240
c70	19265	15773	60	240
c71	17702	22929	60	240
c72	15764	14032	60	240
c73	10925	33822	60	240
c74	19599	15095	60	240
c75	20060	21026	60	240
c76	15792	6561	60	240
c77	17709	7162	60	240
c78	22914	20976	60	240
c79	23548	19952	60	123
c80	21222	14354	60	240
c81	18295	7346	60	240
c82	24285	19828	60	240
c83	18513	22896	60	240
c84	21536	14423	60	240
c85	23044	20735	60	240
c86	22738	14151	60	240
c87	27144	12683	60	240
c88	3606	29820	60	240
c89	4553	19048	60	90
c90	20675	20801	60	240
c91	21844	20937	60	240
c92	21487	15005	60	240
c93	23603	15754	60	240
c94	15724	14389	60	240
c95	22696	9711	60	240
c96	21142	9579	60	240
c97	22182	10110	60	240
c98	17404	20399	60	257
c99	18768	20526	60	240
c100	16544	21146	60	240
c101	15935	15409	60	240
c102	16652	22275	60	240
c103	24248	16338	60	240
c104	17637	18118	60	240
c105	21700	22684	60	240
c106	23081	18330	60	240
c107	22440	11892	60	240
c108	25346	6591	75	240
c109	17802	12142	85	300
c110	21954	13687	105	597
c111	19925	13054	120	300
c112	17836	17878	120	300
c113	24758	11410	120	300
c114	21293	12328	120	360
c115	16624	16478	120	225
c116	16956	18560	120	360
c117	20258	10844	120	300
c118	20313	11607	120	360
c119	24862	13359	120	360
c120	15675	10624	120	300
c121	23479	18281	120	300
c122	22265	13809	120	300
c123	20293	12056	120	360
c124	18731	12275	120	360
c125	20726	17439	120	300
c126	24366	21674	120	360
c127	20552	13099	120	360
c128	21012	17556	120	300
c129	15347	6766	120	300
c130	23869	18494	120	300
c131	16668	11159	120	360
c132	16810	18796	120	360
c133	20358	22732	120	360
c134	17198	19662	120	360
c135	22195	12459	120	360
c136	15916	11939	120	300
c137	25017	19369	165	300
c138	25043	15963	165	255
c139	26181	8226	190	420
c140	27913	11772	210	480
c141	19718	17407	240	420
c142	20261	22406	240	440
c143	18185	16260	240	420
c144	15837	10912	240	480
c145	12494	30336	240	420
c146	25024	20230	240	480
c147	22099	23007	240	480
c148	18822	22718	240	420
c149	19591	4876	240	420
c150	19444	20817	240	480
c151	24644	17371	240	540
c152	19698	14917	240	480
c153	0	26071	240	420
c154	22507	21515	240	480
c155	18141	19764	240	480
c156	18270	20193	240	480
c157	21510	14504	240	480
c158	25237	19713	240	420
c159	18101	22757	240	480
c160	23236	17900	240	420
c161	16622	310	240	420
c162	15940	16658	240	480
c163	24406	18238	240	480
c164	18264	13763	240	480
c165	23903	20960	240	420
c166	19910	7008	240	420
c167	6832	19257	240	420
c168	21803	19997	240	420
c169	23428	9139	240	420
c170	17813	22916	240	420
c171	18397	15491	240	480
c172	4763	26714	240	420
c173	15096	20140	240	480
c174	24135	19590	240	420
c175	18289	13061	240	420
c176	18457	17026	240	420
c177	24997	16369	240	420
c178	15710	15651	240	480
c179	20468	12197	240	480
c180	22389	8774	240	480
c181	26317	17217	240	480
c182	20699	8037	240	420
c183	18514	17243	240	480
c184	21434	11045	240	420
c185	18613	9450	240	480
c186	26138	5753	240	420
c187	17763	21888	240	420
c188	23882	23203	240	480
c189	19700	7942	240	480
c190	20812	20250	240	480
c191	28795	3409	240	420
c192	23347	11113	240	420
c193	27146	12822	240	480
c194	13109	31588	240	420
c195	16708	14290	240	420
c196	2657	23338	240	420
c197	25522	3635	270	420
c198	23926	22242	270	480
c199	20695	17119	300	420
c200	24653	21493	300	570
c201	15075	14387	300	570
c202	16764	11807	300	570
c203	21056	15428	300	570
c204	15631	21017	300	570
c205	27119	12404	300	570
c206	26713	12759	300	570
c207	18752	17678	300	420
c208	24784	18433	300	570
c209	15959	7811	300	570
c210	26313	15254	300	570
c211	17648	12269	300	570
c212	16309	16654	300	480
c213	24423	22544	300	570
c214	17429	23191	300	570
c215	21950	10801	300	570
c216	15145	12696	300	570
c217	24625	10797	300	570
c218	16842	6863	330	465
c219	27137	11563	330	420
c220	21397	9661	360	600
c221	16795	8559	360	600
c222	21894	18543	360	600
c223	20591	10536	360	660
c224	15567	19103	360	600
c225	22616	16696	360	600
c226	17101	14532	360	600
c227	21642	14685	360	600
c228	24419	13128	360	630
c229	17675	10863	360	600
c230	24086	17100	360	600
c231	25613	17950	360	495
c232	15081	6455	360	600
c233	18038	13978	360	600
c234	19767	17342	360	600
c235	18853	7925	360	480
c236	18789	8192	360	630
c237	15241	11304	360	600
c238	20206	14136	360	600
c239	19010	14280	360	600
c240	26557	9832	390	630
c241	22542	12412	390	630
c242	15517	8207	390	630
c243	21766	20569	390	630
c244	23487	14391	390	630
c245	17370	12973	390	690
c246	22790	18128	390	630
c247	15570	19297	390	630
c248	26083	13762	390	630
c249	22861	17796	390	630
c250	21227	16881	390	630
c251	18078	17095	390	630
c252	23128	20723	390	630
c253	21629	2570	420	510
c254	24337	19228	420	660
c255	852	28087	420	660
c256	19228	16594	420	660
c257	15399	580	420	660
c258	21116	2835	420	660
c259	1570	29414	420	660
c260	25347	12882	420	660
c261	22488	10798	420	660
c262	19929	11878	420	660
c263	15968	7216	420	660
c264	21292	21358	420	660
c265	15086	12940	420	660
c266	15194	1566	420	660
c267	18797	10860	420	660
c268	14905	3674	420	600
c269	13531	29008	420	660
c270	20165	3877	420	660
c271	21176	8536	420	660
c272	14976	16983	420	670
c273	16264	6782	420	660
c274	13907	31091	420	660
c275	26092	1930	420	660
c276	25266	17732	420	660
c277	17465	2505	420	660
c278	17031	13660	420	660
c279	27581	11447	420	709
c280	3502	23093	420	660
c281	26995	2363	420	660
c282	24156	18352	420	660
c283	23543	6492	420	660
c284	15525	15034	420	660
c285	22607	4578	420	660
c286	26148	9089	420	660
c287	24742	20141	420	660
c288	20598	22673	420	660
c289	24283	13553	420	660
c290	19250	8842	420	660
c291	19471	17429	420	660
c292	27927	6571	420	660
c293	23578	5537	420	660
c294	19222	17333	420	660
c295	21274	13788	420	660
c296	21688	12076	420	660
c297	20075	9221	420	660
c298	10763	22967	420	660
c299	26663	11176	420	660
c300	20003	8013	420	660
c301	20986	17960	420	660
c302	23428	12426	420	660
c303	25816	10790	420	660
c304	23836	17106	420	660
c305	24761	22184	420	660
c306	20580	22858	420	540
c307	23788	13699	420	660
c308	19052	17951	420	660
c309	18748	20525	420	660
c310	15784	7636	420	660
c311	14911	21814	420	660
c312	19980	14424	420	660
c313	6562	28045	420	660
c314	24686	22462	420	660
c315	10176	25097	420	660
c316	19314	14311	420	660
c317	27008	6742	420	570
c318	25112	15183	420	660
c319	25364	17180	420	660
c320	21496	18132	420	660
c321	7237	21978	420	660
c322	21916	11556	450	690
c323	20341	16417	450	690
c324	20148	10115	450	660
c325	26320	15132	450	690
c326	20095	12729	450	690
c327	23483	19811	450	690
c328	26431	11165	450	690
c329	17033	19039	450	690
c330	19421	11515	450	630
c331	17115	15425	450	690
c332	19335	19340	450	690
c333	18152	10598	465	750
c334	18282	15975	480	720
c335	21603	14916	480	720
c336	25204	13740	480	720
c337	19436	19430	480	780
c338	14969	16485	480	720
c339	17144	11401	480	720
c340	15650	10308	480	670
c341	18662	14339	480	720
c342	20316	20379	480	720
c343	20584	18705	480	720
c344	18585	10532	480	720
c345	19485	19454	480	750
c346	19822	15058	480	740
c347	15471	13021	480	720
c348	24674	21733	480	720
c349	25872	11861	480	720
c350	19350	15091	480	720
c351	15734	9254	480	720
c352	20774	20987	480	720
c353	19119	16564	480	720
c354	25483	20172	480	720
c355	14831	23534	480	660
c356	21829	8864	480	720
c357	21568	17674	480	720
c358	18701	10701	510	750
c359	20436	12429	510	720
c360	23586	9858	510	750
c361	15356	10861	510	750
c362	17978	13779	510	630
c363	21847	17574	540	780
c364	23935	13214	540	780
c365	25490	10551	540	780
c366	20290	23227	540	780
c367	15220	17476	540	780
c368	22966	19038	540	780
c369	16265	14493	540	780
c370	24015	9507	540	780
c371	23589	13192	540	780
c372	16398	11128	540	780
c373	21676	12177	540	780
c374	18178	20043	570	750
c375	19687	9322	570	750
c376	23850	19491	600	780
c377	24970	11571	600	720
c378	16611	20450	600	720
c379	18399	4894	660	810
c380	16896	289	660	810
c381	23549	17122	660	810
c382	15564	9035	660	810
c383	27317	12704	660	810
c384	25844	3232	660	810
c385	24299	10926	660	810
c386	23641	15887	660	810
c387	16999	21017	660	810
c388	24035	20095	660	810
c389	19779	1041	660	810
c390	19533	17533	660	810
c391	15496	15103	660	720
c392	18881	6103	660	810
c393	17100	21642	660	810
c394	18060	22940	660	810
c395	24591	15850	660	810
c396	4797	25328	660	810
c397	23327	21603	660	810
c398	23257	17891	660	810
c399	13235	28495	660	810
c400	20481	8777	660	810
c401	21055	11898	660	780
c402	18153	22830	660	810
c403	16895	15069	660	810
c404	18565	12252	660	810
