courier	x	y	on_time	off_time
c1	18944	14848	0	180
c2	23522	18542	0	180
c3	25490	15250	0	180
c4	24254	17848	0	180
c5	21914	3686	0	240
c6	17018	6666	0	240
c7	27681	7227	0	240
c8	29026	8704	0	240
c9	27691	15672	0	180
c10	18045	19398	0	180
c11	19651	10264	0	240
c12	16227	12215	0	180
c13	16188	20628	0	180
c14	25153	20203	0	180
c15	16296	23045	0	180
c16	23275	19343	0	180
c17	19666	2765	0	240
c18	22893	19824	0	180
c19	23324	10696	0	180
c20	22134	18687	0	180
c21	15897	23177	0	180
c22	19764	21118	0	180
c23	21422	16237	60	240
c24	27696	12095	60	240
c25	18697	16457	60	240
c26	23206	16293	60	300
c27	20232	22777	60	240
c28	16159	11220	60	240
c29	26285	11379	60	390
c30	19472	24616	60	240
c31	23856	18849	60	240
c32	22689	25169	60	240
c33	24775	18492	60	240
c34	19088	16038	60	240
c35	16926	25376	60	240
c36	19260	20465	60	240
c37	21654	14630	60	240
c38	18283	19941	60	240
c39	17217	13224	60	240
c40	17106	24397	60	240
c41	28709	14485	60	240
c42	24858	20970	60	240
c43	26694	6517	60	240
c44	20331	25370	60	240
c45	17746	25547	60	240
c46	27456	14743	60	240
c47	17624	17575	60	240
c48	21858	24102	60	240
c49	23026	13382	60	240
c50	21339	24651	60	264
c51	16770	10918	60	240
c52	23816	24432	60	300
c53	25359	11314	60	240
c54	1703	31861	60	240
c55	21974	21866	60	240
c56	16641	23666	60	240
c57	21036	19292	60	240
c58	23931	12251	60	240
c59	22408	14441	60	240
c60	23536	11541	60	240
c61	20184	22720	60	240
c62	21748	11624	60	240
c63	20735	16152	60	240
c64	18645	25150	60	240
c65	24891	18989	60	240
c66	23382	20756	60	240
c67	18301	10323	60	240
c68	17288	13524	60	240
c69	23773	11858	60	240
c70	7491	26973	60	240
c71	24151	20846	60	240
c72	27133	16986	60	300
c73	23779	11635	60	265
c74	24387	18664	60	240
c75	22236	23920	60	240
c76	17425	22121	60	240
c77	24442	18510	60	240
c78	20318	12581	60	240
c79	24303	12731	60	240
c80	22973	18757	60	240
c81	18317	14953	60	240
c82	16965	19689	60	480
c83	21868	25324	60	240
c84	22793	10706	60	240
c85	2818	33596	60	240
c86	18227	19956	60	300
c87	23858	16188	120	360
c88	21538	14376	120	360
c89	19421	15648	120	360
c90	24483	16590	120	240
c91	25704	17901	120	360
c92	26066	11529	120	360
c93	15801	21633	120	360
c94	21694	17017	120	360
c95	16711	24253	120	255
c96	16394	20478	120	360
c97	25161	11570	120	360
c98	19879	22364	150	300
c99	26939	11830	180	420
c100	15954	20533	180	420
c101	20778	10037	180	420
c102	26950	11668	180	420
c103	19490	17156	180	420
c104	23303	14175	180	420
c105	19431	15997	180	420
c106	24417	23927	180	420
c107	23650	23552	180	420
c108	23835	21543	180	360
c109	22299	19726	180	480
c110	20958	18039	180	420
c111	19839	9764	180	450
c112	16594	17475	180	420
c113	15873	18897	180	420
c114	22765	17759	210	420
c115	27130	7928	240	420
c116	25204	11937	240	420
c117	17897	23664	240	377
c118	20937	12869	240	420
c119	18865	13172	240	420
c120	20830	25321	240	420
c121	16433	11185	240	480
c122	27834	17541	240	420
c123	23688	14917	240	420
c124	21163	14914	240	390
c125	17098	10258	240	420
c126	21433	16157	240	480
c127	16017	14263	240	360
c128	7788	24069	240	420
c129	25260	22070	240	420
c130	18006	10254	240	420
c131	24928	16236	240	420
c132	24278	2644	240	420
c133	26240	16990	240	420
c134	16856	19093	240	420
c135	17085	9413	240	480
c136	16934	23080	240	420
c137	16640	9715	240	420
c138	17448	10129	240	420
c139	24758	14041	240	420
c140	16094	12738	240	420
c141	22378	16758	240	420
c142	8742	32540	240	420
c143	24736	12342	240	420
c144	25388	24459	240	420
c145	25867	12978	240	420
c146	28073	14520	240	420
c147	26219	16502	240	480
c148	25723	17199	240	420
c149	20499	17883	240	480
c150	19182	25501	240	480
c151	22156	8295	240	420
c152	17357	13667	240	420
c153	19899	19819	240	420
c154	20362	12810	240	420
c155	26515	20581	240	420
c156	19199	21014	240	420
c157	19397	15484	240	420
c158	18736	15350	240	420
c159	23597	11452	240	420
c160	24683	18705	240	420
c161	18847	18334	240	480
c162	22485	22084	300	420
c163	26790	6699	300	420
c164	24127	17877	300	420
c165	26489	11600	300	420
c166	17620	17520	360	600
c167	20235	15849	360	600
c168	19747	10323	360	600
c169	22333	17142	360	600
c170	20146	25300	360	600
c171	27002	18035	360	600
c172	26567	13970	360	600
c173	18978	24284	360	600
c174	20777	19667	360	600
c175	19326	12752	390	630
c176	20710	24593	390	630
c177	27074	14312	390	630
c178	16306	22809	390	630
c179	20366	24419	390	660
c180	19859	24354	390	630
c181	24833	16711	390	630
c182	21154	21935	390	657
c183	15978	21724	390	613
c184	16731	19410	390	630
c185	23452	15935	390	630
c186	17283	9655	390	630
c187	23401	15352	390	450
c188	19441	12836	390	630
c189	17683	9266	390	630
c190	10792	23881	420	660
c191	17896	10207	420	660
c192	21883	16081	420	660
c193	20928	9984	420	660
c194	23953	25130	420	660
c195	9476	29563	420	660
c196	1481	33378	420	660
c197	27243	13217	420	660
c198	11151	32427	420	660
c199	5172	22364	420	660
c200	25515	13976	420	480
c201	23944	13798	420	660
c202	19028	11716	420	780
c203	24513	20459	420	660
c204	22156	14199	420	780
c205	19086	22114	420	660
c206	17469	13123	420	660
c207	22369	4708	420	660
c208	27709	18050	420	660
c209	19424	25467	420	660
c210	20573	24543	420	585
c211	17237	13903	420	660
c212	28760	13582	420	660
c213	26038	15326	420	660
c214	25239	15628	420	660
c215	16001	11644	420	660
c216	22906	24644	420	660
c217	21772	5745	420	645
c218	9883	31063	420	630
c219	23491	6432	420	660
c220	25554	12985	420	660
c221	24893	10007	420	660
c222	19730	17849	420	660
c223	16855	17878	420	540
c224	17045	16752	420	660
c225	25464	19326	420	660
c226	17535	18618	420	660
c227	951	32953	420	660
c228	21848	15142	420	660
c229	24888	15874	420	725
c230	17446	25566	420	660
c231	16137	17532	420	660
c232	22272	11332	420	660
c233	25262	12226	420	660
c234	20487	24169	420	660
c235	18692	18840	420	540
c236	23683	18218	420	765
c237	17487	20456	420	660
c238	16618	18714	420	660
c239	20793	19574	420	660
c240	16161	4416	420	660
c241	21251	7074	420	660
c242	17674	14895	420	680
c243	19097	23359	420	660
c244	17316	13949	420	660
c245	7784	29869	420	660
c246	25972	23510	420	660
c247	22343	13158	420	660
c248	20802	22259	420	660
c249	18561	20577	420	660
c250	27086	17470	420	660
c251	19185	17147	420	660
c252	24897	24056	420	660
c253	23938	23298	420	585
c254	24639	18685	420	660
c255	20859	10760	420	660
c256	20453	7010	420	660
c257	18322	14035	435	690
c258	15986	22948	435	690
c259	25116	21895	450	690
c260	23834	25171	450	660
c261	16907	10241	450	690
c262	21106	18483	450	765
c263	28284	15188	450	480
c264	22677	12321	450	690
c265	17782	9580	450	690
c266	20311	13325	450	690
c267	26225	15295	450	690
c268	26058	14278	450	690
c269	26153	11673	450	690
c270	16534	18084	465	630
c271	17700	19883	480	690
c272	17092	14254	480	705
c273	19136	13711	480	615
c274	24903	21159	480	720
c275	21384	19489	480	750
c276	20468	12552	480	720
c277	15902	24417	480	825
c278	15915	22466	480	750
c279	22580	19486	480	720
c280	18404	16088	480	720
c281	24500	21938	480	600
c282	17674	22445	480	750
c283	25825	15668	480	720
c284	16529	16289	480	560
c285	18312	12029	480	720
c286	24214	12864	480	660
c287	25927	18712	480	780
c288	21972	12078	480	690
c289	26609	11739	480	690
c290	23380	23115	480	690
c291	22797	15899	510	765
c292	17736	14203	510	750
c293	23207	23914	510	750
c294	22243	10454	510	750
c295	22145	17206	510	750
c296	19560	15026	510	750
c297	19344	12030	510	750
c298	21509	10883	510	780
c299	16821	17215	510	750
c300	24823	25105	540	780
c301	26331	13932	540	780
c302	19282	15868	600	780
c303	25915	12764	660	720
c304	20523	10462	660	720
c305	12973	21895	660	810
c306	18006	19410	660	810
c307	27459	10985	660	780
c308	18053	18788	660	810
c309	14515	34466	660	810
c310	28636	4263	660	810
c311	23980	16866	660	810
c312	26743	17192	660	750
c313	18493	24665	660	750
c314	22087	20129	660	810
c315	17588	22078	660	810
c316	21111	22181	660	810
c317	22177	7009	660	810
c318	22719	22608	660	750
c319	20471	25661	660	810
c320	29198	7293	660	810
c321	17099	4848	660	780
c322	24688	18924	660	810
c323	22641	14466	660	810
c324	26726	15282	690	810
c325	16754	12581	705	810
c326	17892	12617	705	750
c327	16953	20839	705	810
c328	27237	15136	735	750
c329	21596	23302	735	810
c330	21923	15379	735	810
