courier	x	y	on_time	off_time
c1	5691	7537	11	101
c2	5715	7488	11	251
c3	6274	10794	26	146
c4	8434	8183	26	146
c5	7731	6910	56	176
c6	7891	6926	56	176
c7	7866	6948	56	296
c8	7746	6944	101	341
c9	7903	11578	116	296
c10	7768	6982	131	221
c11	9301	9213	131	311
c12	7818	6933	131	311
c13	8377	8183	131	311
c14	8362	8270	131	221
c15	2740	8619	146	326
c16	2800	8626	146	266
c17	7765	7034	146	326
c18	7869	6950	146	266
c19	8172	7140	146	266
c20	6726	5445	161	401
c21	8026	6402	161	401
c22	4848	8858	161	401
c23	7818	7010	176	296
c24	10012	9280	176	296
c25	8536	8306	176	296
c26	8337	7156	176	296
c27	8394	9284	176	296
c28	27	7984	191	371
c29	7864	6916	191	311
c30	2165	8811	191	371
c31	4129	6934	206	326
c32	8176	8924	206	326
c33	9149	10669	206	326
c34	501	5533	206	446
c35	4342	8783	206	446
c36	4033	8971	206	326
c37	9296	10607	206	446
c38	4278	8760	206	326
c39	528	5593	206	326
c40	4440	8322	221	341
c41	8117	9415	221	341
c42	8331	9240	221	341
c43	5723	9539	221	341
c44	9213	10571	221	341
c45	8926	9384	236	416
c46	7957	5612	236	326
c47	6152	10820	236	356
c48	7352	6740	236	356
c49	7279	6799	236	416
c50	8862	9388	236	356
c51	7189	7814	236	356
c52	2202	8902	251	431
c53	9304	10424	251	431
c54	8158	8999	251	431
c55	9492	9918	251	431
c56	6908	6477	251	431
c57	6855	8866	251	431
c58	9058	8304	251	431
c59	8505	9297	266	506
c60	9510	9812	266	506
c61	7802	6967	266	506
c62	8826	11419	281	521
c63	8361	7786	281	521
c64	3756	6844	281	521
c65	9405	9902	296	476
c66	6846	9065	296	476
c67	7923	7077	296	476
c68	2138	8938	296	476
c69	9308	10644	311	431
c70	7148	10613	356	476
c71	8174	9433	356	476
c72	9446	9897	356	476
c73	548	5626	356	536
c74	9453	9937	356	536
c75	0	8096	356	476
c76	8162	9247	356	536
c77	446	5520	356	476
c78	14	8026	356	536
c79	2285	8848	371	551
c80	7933	6962	371	461
c81	8410	7814	371	551
c82	7949	7010	371	491
c83	8374	7789	371	491
c84	4424	8756	371	491
c85	8393	7824	371	461
c86	6717	6454	371	491
c87	2154	8785	371	491
c88	7961	6950	371	551
c89	2183	8952	371	461
c90	8108	6147	386	506
c91	9523	7630	386	566
c92	9360	9930	386	566
c93	2201	8899	386	566
c94	7850	7004	401	581
c95	9371	9823	431	521
c96	9266	10697	431	521
c97	9471	9943	446	626
c98	4429	8346	446	626
c99	2186	8888	446	626
c100	1489	8175	461	641
c101	6859	6492	461	641
c102	2888	8712	461	641
c103	9141	9000	461	641
c104	7932	9511	461	641
c105	4379	8766	461	641
c106	9493	9980	476	596
c107	5403	9397	476	596
c108	8395	9247	476	596
c109	8902	10242	521	761
c110	9193	10703	521	761
c111	3740	8959	521	761
c112	9371	10509	521	701
c113	7216	10749	521	761
c114	8182	9376	521	701
c115	9332	10511	521	761
c116	4974	8733	521	761
c117	8162	9462	521	761
c118	3693	8881	521	701
c119	5191	7432	536	776
c120	8317	7836	536	776
c121	8065	6316	536	776
c122	8124	6401	536	716
c123	2177	8792	536	776
c124	5610	10790	536	776
c125	3014	8610	536	776
c126	8238	7849	536	716
c127	3101	8765	536	716
c128	8359	7852	566	746
c129	9297	9081	566	746
c130	3906	7169	566	746
c131	7880	6973	566	746
c132	2296	8905	566	746
c133	6835	8825	566	746
c134	9407	9058	566	806
c135	8133	9358	566	746
c136	8477	7819	566	746
c137	7957	6045	566	746
c138	8421	9082	566	746
c139	3803	7007	566	746
c140	6163	10896	581	761
c141	8827	10347	581	761
c142	6911	8889	581	761
c143	3845	7013	581	671
c144	9173	10658	581	761
c145	9315	10551	581	761
c146	7125	10559	581	761
c147	7794	6953	581	671
c148	8832	9483	581	761
c149	10109	6674	596	836
c150	1392	8082	596	836
c151	9297	10597	596	836
c152	8976	10704	596	836
c153	8277	8895	596	836
c154	3986	4206	596	776
c155	9021	10704	596	776
c156	1383	8171	596	776
c157	9925	6713	596	776
c158	8017	6919	596	836
c159	4003	4295	596	836
c160	7052	10678	596	836
c161	1415	8053	611	731
c162	9119	10800	611	731
c163	8987	10783	611	731
c164	8350	7883	611	731
c165	8051	6547	611	731
c166	8040	6234	611	731
c167	8864	9568	611	731
c168	8306	7794	626	866
c169	3915	4307	626	866
c170	8745	7543	626	866
c171	8324	11674	626	866
c172	8830	9413	626	866
c173	8150	8992	626	866
c174	9241	10614	641	731
c175	9110	10728	641	731
c176	1501	8097	641	731
c177	3973	6670	656	896
c178	1418	8052	656	896
c179	9108	10735	656	896
c180	8362	7747	656	896
c181	5310	9335	701	821
c182	8221	7424	701	821
c183	8157	9399	701	821
c184	6129	10950	701	821
c185	8137	6101	731	821
c186	3880	6785	731	821
c187	8815	9464	731	821
c188	9065	10708	731	821
c189	7953	9529	731	821
c190	8114	6101	776	896
c191	9181	10798	776	896
c192	4523	8725	776	896
c193	8015	7005	776	896
c194	2312	8786	776	896
c195	8613	9335	776	896
c196	7905	6863	776	896
c197	7959	9792	776	896
c198	6979	9039	776	896
c199	7909	4786	776	896
c200	4452	8788	791	911
c201	9007	10818	791	911
c202	7992	6996	791	911
c203	8635	9092	791	881
c204	4852	8776	791	911
c205	9500	9019	791	911
c206	9427	9206	791	911
c207	8608	9180	791	911
c208	9345	8943	791	881
c209	8905	9333	806	926
c210	7988	9726	806	926
c211	4425	8754	806	926
c212	3941	6661	806	926
c213	8019	11601	806	926
c214	8077	9397	806	926
c215	8014	9829	806	926
c216	4335	8767	821	1001
c217	9013	10714	821	1001
c218	6878	9102	821	941
c219	7876	9706	821	1001
c220	9224	10503	821	1001
c221	8014	7053	836	926
c222	8917	9544	836	926
c223	6881	9093	851	941
c224	8101	6267	866	956
