courier	x	y	on_time	off_time
c1	34584	3455	69	309
c2	29029	12486	69	309
c3	23737	3847	69	309
c4	25833	18462	69	249
c5	23990	20548	69	249
c6	22384	22096	69	249
c7	20810	7160	69	249
c8	23849	8722	69	249
c9	28771	14727	69	249
c10	21491	18495	69	249
c11	26802	16411	69	249
c12	21736	12818	69	249
c13	26157	20642	69	249
c14	25601	10953	69	249
c15	31710	14179	69	249
c16	22630	15967	69	249
c17	26618	19089	69	249
c18	23012	21753	69	249
c19	20865	8486	69	249
c20	31730	10666	69	249
c21	28700	9289	69	249
c22	22359	22759	69	189
c23	25580	2784	69	149
c24	24575	10836	99	294
c25	26149	20420	129	369
c26	20862	9860	129	369
c27	18732	25705	129	309
c28	27479	23025	129	309
c29	28594	13141	129	309
c30	26756	19621	129	309
c31	27354	20484	129	309
c32	22820	10763	129	309
c33	25310	7641	129	309
c34	20819	19302	129	309
c35	24316	8749	129	309
c36	31470	9869	129	309
c37	22098	10172	129	309
c38	19202	29171	129	309
c39	27296	11054	129	309
c40	16830	33094	129	309
c41	9388	18907	129	309
c42	32455	13457	129	309
c43	20735	23072	129	309
c44	28119	17444	129	309
c45	29793	13484	129	309
c46	31232	16449	129	309
c47	29682	13802	129	309
c48	6671	31945	129	309
c49	24486	10345	129	309
c50	30707	20177	129	309
c51	22557	8350	129	309
c52	24749	20494	129	309
c53	27041	11444	129	309
c54	8805	26753	129	309
c55	30148	21607	129	309
c56	23202	17323	129	309
c57	30688	9904	129	309
c58	28226	19306	129	309
c59	8670	23467	129	309
c60	29088	10251	129	309
c61	31707	13846	129	309
c62	21128	18654	129	279
c63	28270	10531	129	257
c64	24142	16219	129	327
c65	20678	7283	159	234
c66	30330	1798	189	249
c67	32009	15387	219	309
c68	20634	18606	309	489
c69	23997	11932	309	489
c70	15953	20936	309	489
c71	25657	21700	309	489
c72	12053	32372	309	489
c73	21270	14653	309	489
c74	20569	15643	309	489
c75	29382	11417	309	489
c76	23735	21197	309	489
c77	29756	17245	309	489
c78	23949	21466	309	489
c79	28291	15552	309	489
c80	22391	11959	309	489
c81	23828	7374	309	489
c82	23599	12820	309	489
c83	23763	14847	309	489
c84	27938	23456	309	489
c85	27249	10962	309	489
c86	23574	22626	309	489
c87	23933	22163	309	489
c88	25323	8896	309	489
c89	15209	26557	309	489
c90	28757	17022	309	489
c91	27822	12536	309	489
c92	27749	14086	309	489
c93	28132	8586	309	489
c94	27079	23345	309	489
c95	29006	16617	309	489
c96	26208	11917	309	489
c97	22820	16546	309	489
c98	23540	9515	309	489
c99	25902	5114	309	489
c100	21372	22531	309	489
c101	6283	29194	309	379
c102	24141	12714	309	339
c103	27773	587	309	429
c104	21008	16461	369	489
c105	24723	19763	369	459
c106	30855	17594	459	699
c107	27325	19227	459	699
c108	23603	16106	459	699
c109	22780	23239	459	699
c110	22426	16346	459	699
c111	21117	17097	459	699
c112	28388	16981	459	699
c113	26356	21015	459	699
c114	25433	18793	459	699
c115	21718	16625	459	699
c116	21803	19525	459	669
c117	29551	1191	459	716
c118	26922	22224	474	586
c119	27420	20558	480	559
c120	8556	31016	489	729
c121	20901	19129	489	729
c122	23393	0	489	729
c123	21713	12289	489	729
c124	21457	18764	489	729
c125	21710	21511	489	729
c126	28581	20543	489	729
c127	11605	33828	489	729
c128	23571	21935	489	729
c129	27242	15974	489	729
c130	21277	4122	489	729
c131	28409	11251	489	729
c132	28273	10844	489	729
c133	30356	20097	489	729
c134	22671	9711	489	729
c135	20446	425	489	729
c136	27715	4435	489	729
c137	31617	8203	489	729
c138	12404	27151	489	729
c139	26434	14159	489	729
c140	25472	22006	489	729
c141	27573	11339	489	729
c142	31459	5060	489	729
c143	22526	1545	489	729
c144	24614	8633	489	729
c145	15669	22851	489	729
c146	23109	17968	489	729
c147	28553	22831	489	729
c148	27196	16845	489	729
c149	6805	20457	489	729
c150	23375	7107	489	729
c151	30779	18035	489	729
c152	14784	31288	489	729
c153	25198	16742	489	729
c154	23185	19183	489	729
c155	23955	16769	489	729
c156	7932	23112	489	729
c157	29828	2305	489	729
c158	27669	17309	489	729
c159	29229	19391	489	729
c160	24745	7842	489	699
c161	32133	2024	489	669
c162	29591	11759	489	609
c163	20917	18398	489	774
c164	22630	11427	519	759
c165	21735	17450	519	759
c166	25993	14561	519	759
c167	26234	17967	519	759
c168	22827	18899	519	759
c169	20894	17912	519	759
c170	28493	18840	519	759
c171	22769	13418	519	759
c172	22232	14639	519	759
c173	30303	15148	519	759
c174	21960	10030	519	759
c175	24697	21863	519	759
c176	25577	22932	519	759
c177	22437	13594	519	759
c178	21357	10171	519	759
c179	28705	14580	519	759
c180	22243	17908	519	680
c181	31219	4558	534	631
c182	22684	23313	549	849
c183	23634	15788	549	789
c184	25702	12650	549	789
c185	28569	21888	549	789
c186	23837	9876	549	789
c187	25478	21621	549	789
c188	24293	19613	549	789
c189	23554	13153	549	789
c190	20341	15415	549	789
c191	22623	10045	549	789
c192	25649	17833	549	789
c193	30143	19208	549	789
c194	26650	14297	549	789
c195	30729	11204	549	789
c196	28277	21451	549	789
c197	27596	13322	549	789
c198	26382	18547	549	789
c199	23479	21874	549	729
c200	28495	17130	549	808
c201	26561	20555	579	789
c202	26964	16111	594	691
c203	28402	10148	609	849
c204	22339	9536	609	849
c205	23712	22773	609	849
c206	28167	13900	609	849
c207	27723	9928	609	849
c208	22740	9370	609	849
c209	20423	10396	609	849
c210	24512	16023	609	849
c211	23927	16596	609	789
c212	27251	23403	609	789
c213	21129	7163	609	811
c214	28215	19734	624	729
c215	30432	16929	714	781
c216	21848	6747	729	894
c217	4597	27232	729	879
c218	26080	18074	729	879
c219	23819	6863	729	879
c220	22100	982	729	879
c221	20816	23307	729	879
c222	32415	10420	729	879
c223	13879	26659	729	879
c224	26824	9559	729	879
c225	29336	754	729	879
c226	20898	4269	729	879
c227	22941	8443	729	879
c228	13270	27477	729	879
c229	21950	5366	729	879
c230	29001	13312	729	879
c231	28325	22294	729	804
c232	25960	10670	744	879
c233	28584	14329	744	879
c234	26055	18217	744	774
c235	26163	8716	759	879
c236	26778	9670	759	849
c237	24845	9579	759	834
c238	30258	10641	789	834
