courier	x	y	on_time	off_time
c1	14174	13557	0	240
c2	16944	17750	0	240
c3	18469	10487	0	240
c4	19062	13296	0	120
c5	15357	9420	15	255
c6	14261	19920	15	255
c7	16944	17781	15	255
c8	13423	16202	15	75
c9	18922	13367	30	270
c10	17065	17634	30	270
c11	14320	13580	30	150
c12	13584	16150	30	240
c13	16370	16513	45	285
c14	14389	19915	45	285
c15	18967	13307	45	285
c16	11017	17863	45	165
c17	18946	13285	60	180
c18	21606	2942	60	180
c19	16503	17085	60	180
c20	14862	20989	60	150
c21	14396	19928	60	150
c22	15594	17989	60	150
c23	16245	16557	60	165
c24	16510	17055	75	315
c25	15370	12219	75	315
c26	15641	7484	75	315
c27	14291	15096	75	315
c28	16792	13091	75	315
c29	17350	16976	75	315
c30	14246	19802	75	315
c31	17223	17753	75	315
c32	14877	14924	75	315
c33	16231	16412	75	315
c34	13619	21083	75	315
c35	17896	11669	75	255
c36	15508	18098	75	255
c37	16122	18577	75	105
c38	12341	15959	90	330
c39	13573	16146	90	330
c40	14301	19864	90	330
c41	16392	16525	90	330
c42	16636	16927	90	330
c43	17558	14050	90	330
c44	15570	7472	90	330
c45	16653	13182	90	210
c46	13677	21215	105	345
c47	16985	17800	105	345
c48	14871	20958	105	345
c49	14244	19905	105	345
c50	18088	11759	105	345
c51	14508	15061	120	360
c52	16202	18552	120	360
c53	14610	15164	120	240
c54	16065	18495	135	375
c55	16155	18535	135	375
c56	18391	12064	135	375
c57	21614	3032	135	375
c58	18123	12939	135	255
c59	14277	19967	150	390
c60	16232	17246	150	390
c61	15499	7403	150	390
c62	18053	11632	150	390
c63	16974	17726	165	405
c64	18227	12919	165	405
c65	18185	12865	165	285
c66	14974	17728	180	360
c67	15096	9446	180	270
c68	15139	17755	180	210
c69	15108	19385	195	315
c70	15600	7423	210	450
c71	16104	18465	210	450
c72	17547	13479	210	300
c73	16662	17058	210	300
c74	14539	15196	210	405
c75	14810	14805	225	285
c76	16830	11612	240	480
c77	14838	14510	240	360
c78	18169	13016	255	345
c79	12310	16059	270	510
c80	17114	17832	270	390
c81	18117	11773	285	375
c82	17059	17667	300	540
c83	16054	18505	300	540
c84	13838	20792	300	540
c85	14985	20984	300	540
c86	18369	13301	300	540
c87	14968	20814	300	480
c88	17043	17674	300	480
c89	13813	17704	300	480
c90	13862	17624	300	510
c91	16174	18593	315	435
c92	16921	17673	315	435
c93	16806	11722	315	435
c94	14053	20030	315	435
c95	15393	18930	330	570
c96	16131	18535	330	570
c97	17788	15205	330	570
c98	14566	15340	330	570
c99	17229	17005	330	570
c100	18463	11910	330	570
c101	16662	15123	330	570
c102	13831	8291	330	570
c103	16752	11610	330	450
c104	12337	16028	345	585
c105	15485	7361	345	585
c106	18666	13448	345	585
c107	14329	14721	345	465
c108	14289	15086	360	600
c109	17267	17767	360	600
c110	16179	18610	360	600
c111	13895	10575	360	600
c112	16630	17067	360	600
c113	21352	2971	360	600
c114	18597	13626	360	600
c115	14345	15123	360	480
c116	14513	15267	375	555
c117	14085	20068	375	555
c118	17082	17727	375	555
c119	17431	10732	375	555
c120	16314	17156	375	555
c121	13451	16178	375	555
c122	14789	16858	375	555
c123	18245	12998	375	555
c124	14383	14838	375	555
c125	16861	17680	375	495
c126	14627	16984	375	405
c127	15333	16853	390	630
c128	17091	17613	390	630
c129	17918	13325	390	630
c130	13831	8405	390	600
c131	18345	14103	435	675
c132	13456	15632	435	675
c133	17257	11882	435	675
c134	21500	3010	435	675
c135	18137	11675	435	675
c136	12317	16002	435	675
c137	14372	14814	435	675
c138	17933	13365	435	675
c139	16173	18394	435	615
c140	17078	17839	435	615
c141	18255	12960	450	630
c142	16146	18583	450	540
c143	14633	16981	465	585
c144	17336	10621	465	585
c145	17774	13435	465	645
c146	15888	13264	465	645
c147	21278	2803	465	585
c148	14310	19814	465	585
c149	21529	2986	465	645
c150	16967	17798	465	585
c151	17089	17787	465	645
c152	11018	18030	465	585
c153	17865	13473	465	585
c154	21539	3012	465	585
c155	17889	13385	480	600
c156	17438	16916	480	600
c157	13820	17577	480	570
c158	18419	13241	480	570
c159	17110	17695	480	570
c160	12444	18450	480	585
c161	15996	18589	495	735
c162	13736	8381	495	735
c163	18223	11769	495	735
c164	16220	18555	495	735
c165	17012	17794	495	615
c166	17026	17809	510	690
c167	17767	13369	510	690
c168	14383	19967	510	600
c169	13507	16102	525	765
c170	14411	19886	525	705
c171	14563	15364	525	705
c172	14407	19897	525	705
c173	15596	7478	525	705
c174	18645	13986	525	705
c175	4876	28066	525	705
c176	17826	13390	525	705
c177	18946	13297	540	720
c178	13630	21305	540	720
c179	12646	21727	540	720
c180	14366	19927	540	720
c181	13587	21274	540	660
c182	18721	13538	540	660
c183	16196	18450	540	660
c184	19042	13389	540	660
c185	14771	18974	540	660
c186	14337	19874	540	660
c187	14518	15234	540	660
c188	16106	18497	540	630
c189	16763	19176	555	795
c190	16049	18575	555	795
c191	16217	17950	555	795
c192	14352	19962	555	795
c193	21575	2918	555	795
c194	17514	10783	555	795
c195	17919	13468	555	795
c196	14479	14967	555	795
c197	17776	13426	555	735
c198	14342	19915	555	735
c199	21610	2881	555	735
c200	14409	14872	555	735
c201	18426	11310	555	735
c202	12458	16135	570	810
c203	18320	11241	570	810
c204	18189	13143	570	810
c205	18677	14085	570	810
c206	21497	3014	570	810
c207	12285	15986	570	750
c208	16646	19171	570	750
c209	16098	18557	570	750
c210	16071	18466	570	690
c211	13886	17570	585	825
c212	16114	18553	585	825
c213	14956	18873	585	705
c214	15740	15955	600	840
c215	14846	14550	600	780
c216	14378	19857	600	720
