courier	x	y	on_time	off_time
c1	17076	14578	0	240
c2	17064	14541	0	240
c3	19851	18578	0	240
c4	21401	11463	0	120
c5	19815	18581	15	255
c6	17255	20778	15	105
c7	17104	14472	15	105
c8	16352	17183	15	105
c9	18211	10334	15	105
c10	16380	17051	15	195
c11	16293	17054	30	270
c12	21903	14340	30	210
c13	17197	14615	30	210
c14	17172	14594	30	150
c15	17123	14518	30	120
c16	21902	14251	45	285
c17	13885	18795	45	285
c18	16445	22312	45	285
c19	17128	20866	45	165
c20	20773	14286	60	180
c21	19222	17367	60	180
c22	19647	14121	60	180
c23	19843	18622	60	180
c24	20179	13029	60	180
c25	18434	18867	60	150
c26	24516	3829	60	105
c27	20246	17864	75	315
c28	16520	22043	75	315
c29	20987	12596	75	315
c30	24829	3743	75	315
c31	20073	17974	75	315
c32	17289	15999	75	315
c33	18472	8291	75	315
c34	20791	15364	75	315
c35	17687	15775	75	315
c36	17936	22573	75	315
c37	21493	12636	75	315
c38	17200	14564	75	255
c39	16432	22292	75	285
c40	17349	15889	90	330
c41	19650	14048	90	330
c42	17275	20741	90	330
c43	19145	17470	90	330
c44	19488	18006	90	330
c45	16161	21848	90	330
c46	20568	15006	90	330
c47	20335	11536	90	210
c48	20970	12671	105	345
c49	19895	18559	105	345
c50	17240	20807	105	345
c51	24055	3785	105	345
c52	19255	17412	105	345
c53	17344	16234	120	360
c54	19296	17356	120	360
c55	17453	16046	120	240
c56	21029	13732	135	375
c57	19013	19445	135	375
c58	19605	16109	135	375
c59	18967	19324	135	375
c60	24432	3788	135	255
c61	19093	18178	150	390
c62	17110	20864	150	390
c63	19831	18651	150	390
c64	17413	15919	150	390
c65	18878	19337	165	405
c66	19845	18545	165	405
c67	17260	20871	165	285
c68	17825	10346	180	270
c69	17891	18525	180	390
c70	17876	20367	195	315
c71	18463	8252	210	450
c72	17380	16187	210	450
c73	19038	19400	210	300
c74	19534	17940	210	300
c75	21022	12567	210	405
c76	17656	15690	225	285
c77	17639	15311	240	480
c78	18483	8212	240	360
c79	21066	13876	255	345
c80	19867	18594	270	510
c81	20752	14245	270	390
c82	21107	12634	285	375
c83	7783	29029	300	540
c84	16586	21695	300	540
c85	21241	14258	300	540
c86	19695	11045	300	540
c87	21289	12219	300	540
c88	24069	3806	300	540
c89	16621	18625	300	480
c90	19832	18635	300	480
c91	19932	18555	300	450
c92	16796	20946	315	555
c93	19922	18642	315	435
c94	21474	14493	315	435
c95	17284	16111	330	570
c96	24064	3734	330	570
c97	17435	16215	330	570
c98	19655	12501	330	570
c99	19087	19407	330	570
c100	14000	18816	330	570
c101	16609	9251	330	570
c102	19674	16085	330	570
c103	18286	19771	330	450
c104	20611	12510	345	585
c105	24088	3835	345	585
c106	18506	8184	345	585
c107	17210	15591	345	465
c108	21445	14407	360	600
c109	17219	16002	360	600
c110	21295	12125	360	600
c111	17211	16067	360	600
c112	20110	18595	360	600
c113	19423	17992	360	600
c114	19829	18712	360	600
c115	24160	3696	360	480
c116	20194	11634	375	555
c117	23914	2884	375	555
c118	24236	3670	375	555
c119	18604	16991	375	555
c120	19095	18075	375	555
c121	18297	13259	375	555
c122	17542	17799	375	555
c123	17546	17800	375	555
c124	19634	16756	375	555
c125	19938	17382	375	525
c126	20683	14368	390	630
c127	19862	18616	390	630
c128	18208	17807	390	630
c129	21064	13879	390	570
c130	21530	14768	390	420
c131	21261	15082	435	675
c132	17334	16028	435	675
c133	17105	15621	435	615
c134	17268	15724	435	675
c135	20759	14214	435	615
c136	15174	16993	435	675
c137	17324	16150	435	675
c138	20769	14393	435	675
c139	20938	12644	435	675
c140	19026	19298	435	675
c141	21146	13769	450	630
c142	18945	19361	450	540
c143	20110	18628	465	645
c144	18736	14168	465	645
c145	24383	3804	465	645
c146	20381	11583	465	585
c147	17304	15904	465	585
c148	24139	3829	465	585
c149	13909	18869	465	585
c150	19092	13015	465	585
c151	21318	12153	465	585
c152	20724	14239	465	585
c153	20136	18518	465	585
c154	20783	14202	465	585
c155	18982	12949	465	525
c156	19857	18658	480	600
c157	20124	17872	480	600
c158	20623	14398	480	570
c159	16724	18528	480	570
c160	21124	14210	480	570
c161	19488	13514	480	585
c162	18867	19442	495	735
c163	20985	13662	495	735
c164	20940	12619	495	735
c165	16663	9157	495	735
c166	19911	18603	495	615
c167	19898	18592	510	690
c168	19899	18686	510	690
c169	19033	19442	510	600
c170	18849	10311	525	705
c171	17291	16226	525	705
c172	21392	14928	525	705
c173	20677	14269	525	765
c174	18418	8208	525	705
c175	17188	20862	525	705
c176	19607	11145	525	705
c177	21327	12231	525	705
c178	18324	17684	540	720
c179	17706	19760	540	720
c180	24357	3849	540	720
c181	19083	19398	540	720
c182	17720	19847	540	660
c183	19075	19474	540	660
c184	17125	20713	540	660
c185	18305	19331	540	660
c186	24440	3838	540	660
c187	16436	22111	540	660
c188	15571	22702	540	660
c189	18281	19278	540	630
c190	18372	19317	555	795
c191	19040	19516	555	735
c192	14275	25500	555	795
c193	17167	15628	555	735
c194	19848	18569	555	795
c195	19644	20091	555	795
c196	20168	12907	555	795
c197	18371	8288	555	795
c198	21364	12104	555	795
c199	19961	18669	555	735
c200	19110	18776	555	795
c201	17231	20837	555	735
c202	24425	3768	555	735
c203	18979	19303	570	810
c204	21120	13885	570	810
c205	21179	12081	570	810
c206	19832	18665	570	810
c207	19030	19452	570	810
c208	19075	19349	570	750
c209	18955	19411	570	750
c210	15206	16978	570	750
c211	19664	19957	570	690
c212	17762	19850	585	825
c213	19607	11042	585	825
c214	20772	14352	585	705
c215	17165	20786	600	840
c216	17688	15474	600	780
c217	21133	13847	600	720
